{
    "J0437-4715_efac": 0.9685800539969502,
    "J0437-4715_log10_equad": -7.4482914504919195,
    "J0437-4715_log10_ecorr": -6.550556128934787,
    "J0437-4715_log10_RN_Amp": -14.378657316774785,
    "J0437-4715_RN_gamma": 4.015671843991008,
    "gwb_log10_A": -14.619788758288394
}