{
    "J0613-0200_efac": 1.00254784301734,
    "J0613-0200_log10_equad": -7.971544137345732,
    "J0613-0200_log10_ecorr": -7.514215659148855,
    "J0613-0200_log10_RN_Amp": -14.35993189152541,
    "J0613-0200_RN_gamma": 3.9847561660564814,
    "gwb_log10_A": -14.619788758288394
}