{
    "J0610-2100_efac": 1.0820399823002398,
    "J0610-2100_log10_equad": -7.819686013570467,
    "J0610-2100_log10_ecorr": -6.0762776712464195,
    "J0610-2100_log10_RN_Amp": -14.435315843828766,
    "J0610-2100_RN_gamma": 2.4920574740982238,
    "gwb_log10_A": -14.619788758288394
}