{
    "J0636-3044_efac": 1.0834879854683173,
    "J0636-3044_log10_equad": -6.686409947786251,
    "J0636-3044_log10_ecorr": -6.751619998841345,
    "J0636-3044_log10_RN_Amp": -15.507772853199773,
    "J0636-3044_RN_gamma": 3.2352271720793904,
    "gwb_log10_A": -14.619788758288394
}