{
    "J0711-6830_efac": 0.9422818841553173,
    "J0711-6830_log10_equad": -6.765572688530251,
    "J0711-6830_log10_ecorr": -7.43890475505331,
    "J0711-6830_log10_RN_Amp": -15.0675797147094,
    "J0711-6830_RN_gamma": 4.1350840084541645,
    "gwb_log10_A": -14.619788758288394
}