{
    "J0900-3144_efac": 1.0711490960607688,
    "J0900-3144_log10_equad": -7.190379382794654,
    "J0900-3144_log10_ecorr": -6.0964286656052815,
    "J0900-3144_log10_RN_Amp": -15.825731618421157,
    "J0900-3144_RN_gamma": 5.096266087830664,
    "gwb_log10_A": -14.619788758288394
}