{
    "J0955-6150_efac": 1.0368212353083575,
    "J0955-6150_log10_equad": -6.8367816772208325,
    "J0955-6150_log10_ecorr": -6.121963926550645,
    "J0955-6150_log10_RN_Amp": -13.236650259640832,
    "J0955-6150_RN_gamma": 5.671789999509164,
    "gwb_log10_A": -14.619788758288394
}