{
    "J1017-7156_efac": 1.053600962253837,
    "J1017-7156_log10_equad": -7.377946665960627,
    "J1017-7156_log10_ecorr": -7.488309468831156,
    "J1017-7156_log10_RN_Amp": -14.415277970145077,
    "J1017-7156_RN_gamma": 5.2358570039358,
    "gwb_log10_A": -14.619788758288394
}