{
    "J1012-4235_efac": 0.8831677528080482,
    "J1012-4235_log10_equad": -7.824942926054292,
    "J1012-4235_log10_ecorr": -6.874697617447151,
    "J1012-4235_log10_RN_Amp": -13.057475425537824,
    "J1012-4235_RN_gamma": 2.5252806072702265,
    "gwb_log10_A": -14.619788758288394
}