{
    "J1024-0719_efac": 0.8946293827216887,
    "J1024-0719_log10_equad": -6.019059943840594,
    "J1024-0719_log10_ecorr": -7.549712460242047,
    "J1024-0719_log10_RN_Amp": -13.675089102577061,
    "J1024-0719_RN_gamma": 4.712648873987781,
    "gwb_log10_A": -14.619788758288394
}