{
    "J1103-5403_efac": 0.9898689476532914,
    "J1103-5403_log10_equad": -6.730307463783579,
    "J1103-5403_log10_ecorr": -7.563948050621148,
    "J1103-5403_log10_RN_Amp": -13.393414410161064,
    "J1103-5403_RN_gamma": 3.907855598319306,
    "gwb_log10_A": -14.619788758288394
}