{
    "J1125-6014_efac": 1.0884911322964483,
    "J1125-6014_log10_equad": -6.942466240259879,
    "J1125-6014_log10_ecorr": -6.388970775310691,
    "J1125-6014_log10_RN_Amp": -14.632293040033208,
    "J1125-6014_RN_gamma": 4.033244405425073,
    "gwb_log10_A": -14.619788758288394
}