{
    "J1125-5825_efac": 0.9083507663621264,
    "J1125-5825_log10_equad": -7.834196335268626,
    "J1125-5825_log10_ecorr": -7.441897552474827,
    "J1125-5825_log10_RN_Amp": -15.890899493897669,
    "J1125-5825_RN_gamma": 2.968013225711483,
    "gwb_log10_A": -14.619788758288394
}