{
    "J1216-6410_efac": 0.918920734889867,
    "J1216-6410_log10_equad": -6.589570452967828,
    "J1216-6410_log10_ecorr": -7.4863092744955475,
    "J1216-6410_log10_RN_Amp": -14.634228202428979,
    "J1216-6410_RN_gamma": 3.8578981317889216,
    "gwb_log10_A": -14.619788758288394
}