{
    "J1327-0755_efac": 0.9248892606856944,
    "J1327-0755_log10_equad": -7.28967154167097,
    "J1327-0755_log10_ecorr": -6.604113425008965,
    "J1327-0755_log10_RN_Amp": -13.913342236716668,
    "J1327-0755_RN_gamma": 2.6448784750836905,
    "gwb_log10_A": -14.619788758288394
}