{
    "J1421-4409_efac": 0.8393957770516899,
    "J1421-4409_log10_equad": -6.7310081735992,
    "J1421-4409_log10_ecorr": -7.267522658585351,
    "J1421-4409_log10_RN_Amp": -13.80991886539453,
    "J1421-4409_RN_gamma": 3.79674232393988,
    "gwb_log10_A": -14.619788758288394
}