{
    "J1435-6100_efac": 1.0085474413913031,
    "J1435-6100_log10_equad": -7.8505118434013665,
    "J1435-6100_log10_ecorr": -7.858076533733354,
    "J1435-6100_log10_RN_Amp": -15.497162519357037,
    "J1435-6100_RN_gamma": 4.572956424221879,
    "gwb_log10_A": -14.619788758288394
}