{
    "J1431-5740_efac": 0.9882809497888524,
    "J1431-5740_log10_equad": -6.46834918647297,
    "J1431-5740_log10_ecorr": -7.009965207947495,
    "J1431-5740_log10_RN_Amp": -13.728693549154462,
    "J1431-5740_RN_gamma": 5.18902187345625,
    "gwb_log10_A": -14.619788758288394
}