{
    "J1455-3330_efac": 0.8044562486182816,
    "J1455-3330_log10_equad": -6.151554154775539,
    "J1455-3330_log10_ecorr": -7.356374631633752,
    "J1455-3330_log10_RN_Amp": -13.013447861752116,
    "J1455-3330_RN_gamma": 5.130661653071406,
    "gwb_log10_A": -14.619788758288394
}