{
    "J1545-4550_efac": 0.9704098673961977,
    "J1545-4550_log10_equad": -7.485118649332806,
    "J1545-4550_log10_ecorr": -6.865691346686291,
    "J1545-4550_log10_RN_Amp": -15.91315799308829,
    "J1545-4550_RN_gamma": 4.411453305656759,
    "gwb_log10_A": -14.619788758288394
}