{
    "J1543-5149_efac": 0.9575600669367794,
    "J1543-5149_log10_equad": -6.994563319386558,
    "J1543-5149_log10_ecorr": -6.4873483581515305,
    "J1543-5149_log10_RN_Amp": -14.84173869311418,
    "J1543-5149_RN_gamma": 4.236706270118869,
    "gwb_log10_A": -14.619788758288394
}