{
    "J1547-5709_efac": 0.9461525892136065,
    "J1547-5709_log10_equad": -6.02382722186983,
    "J1547-5709_log10_ecorr": -6.246806892801162,
    "J1547-5709_log10_RN_Amp": -13.632435633962395,
    "J1547-5709_RN_gamma": 3.5562319056401743,
    "gwb_log10_A": -14.619788758288394
}