{
    "J1603-7202_efac": 0.9289237700009966,
    "J1603-7202_log10_equad": -6.894180370780292,
    "J1603-7202_log10_ecorr": -7.54986454060948,
    "J1603-7202_log10_RN_Amp": -13.138891696951317,
    "J1603-7202_RN_gamma": 4.218936097995201,
    "gwb_log10_A": -14.619788758288394
}