{
    "J1614-2230_efac": 0.8541926495737898,
    "J1614-2230_log10_equad": -7.248072268684094,
    "J1614-2230_log10_ecorr": -7.562043606769233,
    "J1614-2230_log10_RN_Amp": -13.259265932943045,
    "J1614-2230_RN_gamma": 3.691940945719566,
    "gwb_log10_A": -14.619788758288394
}