{
    "J1629-6902_efac": 0.8373201073158361,
    "J1629-6902_log10_equad": -6.229124745643588,
    "J1629-6902_log10_ecorr": -7.8518570597445425,
    "J1629-6902_log10_RN_Amp": -13.269831926179252,
    "J1629-6902_RN_gamma": 5.730397769459406,
    "gwb_log10_A": -14.619788758288394
}