{
    "J1643-1224_efac": 1.0393664965308156,
    "J1643-1224_log10_equad": -7.342474382314044,
    "J1643-1224_log10_ecorr": -7.317808935009938,
    "J1643-1224_log10_RN_Amp": -13.714965469495823,
    "J1643-1224_RN_gamma": 4.475216208809654,
    "gwb_log10_A": -14.619788758288394
}