{
    "J1658-5324_efac": 0.8470365386595786,
    "J1658-5324_log10_equad": -7.6521230255234745,
    "J1658-5324_log10_ecorr": -6.176226566712388,
    "J1658-5324_log10_RN_Amp": -15.153761273255924,
    "J1658-5324_RN_gamma": 2.512897280273868,
    "gwb_log10_A": -14.619788758288394
}