{
    "J1653-2054_efac": 0.9846054824972483,
    "J1653-2054_log10_equad": -7.123844640333791,
    "J1653-2054_log10_ecorr": -6.151792243556525,
    "J1653-2054_log10_RN_Amp": -14.72119941673021,
    "J1653-2054_RN_gamma": 2.7201761628913514,
    "gwb_log10_A": -14.619788758288394
}