{
    "J1652-4838_efac": 0.8207397233677353,
    "J1652-4838_log10_equad": -7.083837406886611,
    "J1652-4838_log10_ecorr": -7.567798792666367,
    "J1652-4838_log10_RN_Amp": -13.26645110677094,
    "J1652-4838_RN_gamma": 5.022121083870363,
    "gwb_log10_A": -14.619788758288394
}