{
    "J1705-1903_efac": 0.8892599815486182,
    "J1705-1903_log10_equad": -6.341931592144994,
    "J1705-1903_log10_ecorr": -6.0323790061362175,
    "J1705-1903_log10_RN_Amp": -14.566489697716897,
    "J1705-1903_RN_gamma": 2.8054913728470274,
    "gwb_log10_A": -14.619788758288394
}