{
    "J1719-1438_efac": 1.0476964033775316,
    "J1719-1438_log10_equad": -6.744769229966281,
    "J1719-1438_log10_ecorr": -7.0808813335318685,
    "J1719-1438_log10_RN_Amp": -13.211081741226376,
    "J1719-1438_RN_gamma": 5.529828555889528,
    "gwb_log10_A": -14.619788758288394
}