{
    "J1721-2457_efac": 0.8761763691986791,
    "J1721-2457_log10_equad": -7.881368179298545,
    "J1721-2457_log10_ecorr": -6.193775647406826,
    "J1721-2457_log10_RN_Amp": -14.169693475891679,
    "J1721-2457_RN_gamma": 5.844447053960515,
    "gwb_log10_A": -14.619788758288394
}