{
    "J1732-5049_efac": 0.9539592378879636,
    "J1732-5049_log10_equad": -6.6498513935678645,
    "J1732-5049_log10_ecorr": -6.4116432882864345,
    "J1732-5049_log10_RN_Amp": -14.10133843373525,
    "J1732-5049_RN_gamma": 5.122869010339074,
    "gwb_log10_A": -14.619788758288394
}