{
    "J1737-0811_efac": 0.8154405032665054,
    "J1737-0811_log10_equad": -7.085801258855665,
    "J1737-0811_log10_ecorr": -6.683114614341238,
    "J1737-0811_log10_RN_Amp": -14.231235381181222,
    "J1737-0811_RN_gamma": 3.1734901277766596,
    "gwb_log10_A": -14.619788758288394
}