{
    "J1744-1134_efac": 0.8258913493710641,
    "J1744-1134_log10_equad": -6.097652701985698,
    "J1744-1134_log10_ecorr": -6.321999496605009,
    "J1744-1134_log10_RN_Amp": -13.676289794736324,
    "J1744-1134_RN_gamma": 4.0324552066691925,
    "gwb_log10_A": -14.619788758288394
}