{
    "J1751-2857_efac": 0.9313013875593833,
    "J1751-2857_log10_equad": -7.625513124852398,
    "J1751-2857_log10_ecorr": -7.3446942404274065,
    "J1751-2857_log10_RN_Amp": -15.18640481026085,
    "J1751-2857_RN_gamma": 5.705886948957317,
    "gwb_log10_A": -14.619788758288394
}