{
    "J1802-2124_efac": 0.9019819916541246,
    "J1802-2124_log10_equad": -6.466064781827081,
    "J1802-2124_log10_ecorr": -6.896020659026273,
    "J1802-2124_log10_RN_Amp": -15.973439712112334,
    "J1802-2124_RN_gamma": 3.1933469625816597,
    "gwb_log10_A": -14.619788758288394
}