{
    "J1801-1417_efac": 1.0768043962611422,
    "J1801-1417_log10_equad": -6.20863658143115,
    "J1801-1417_log10_ecorr": -7.2935204102096325,
    "J1801-1417_log10_RN_Amp": -13.32444367081171,
    "J1801-1417_RN_gamma": 5.160436884643746,
    "gwb_log10_A": -14.619788758288394
}