{
    "J1825-0319_efac": 0.9765363210477869,
    "J1825-0319_log10_equad": -7.393971345863944,
    "J1825-0319_log10_ecorr": -7.156990782206273,
    "J1825-0319_log10_RN_Amp": -14.02656942136358,
    "J1825-0319_RN_gamma": 3.6712512006953766,
    "gwb_log10_A": -14.619788758288394
}