{
    "J1832-0836_efac": 1.0215218195882327,
    "J1832-0836_log10_equad": -6.639862412817195,
    "J1832-0836_log10_ecorr": -6.418270920239255,
    "J1832-0836_log10_RN_Amp": -13.174378588071757,
    "J1832-0836_RN_gamma": 5.59912112048194,
    "gwb_log10_A": -14.619788758288394
}