{
    "J1843-1113_efac": 1.0084323204534518,
    "J1843-1113_log10_equad": -6.4601999383737265,
    "J1843-1113_log10_ecorr": -6.246836320618752,
    "J1843-1113_log10_RN_Amp": -15.923042204077941,
    "J1843-1113_RN_gamma": 2.7695750173610922,
    "gwb_log10_A": -14.619788758288394
}