{
    "J1903-7051_efac": 0.847626716223419,
    "J1903-7051_log10_equad": -6.619864975165886,
    "J1903-7051_log10_ecorr": -6.486819398260009,
    "J1903-7051_log10_RN_Amp": -13.000560556556412,
    "J1903-7051_RN_gamma": 4.15519550990938,
    "gwb_log10_A": -14.619788758288394
}