{
    "J1909-3744_efac": 0.9566112341658713,
    "J1909-3744_log10_equad": -6.852418790815719,
    "J1909-3744_log10_ecorr": -6.276223463584194,
    "J1909-3744_log10_RN_Amp": -13.146238520005618,
    "J1909-3744_RN_gamma": 5.6849510912418015,
    "gwb_log10_A": -14.619788758288394
}