{
    "J1918-0642_efac": 0.8400346006316564,
    "J1918-0642_log10_equad": -6.887787027820582,
    "J1918-0642_log10_ecorr": -7.435174070086589,
    "J1918-0642_log10_RN_Amp": -15.314050256270672,
    "J1918-0642_RN_gamma": 2.2144819379951404,
    "gwb_log10_A": -14.619788758288394
}