{
    "J1933-6211_efac": 0.876221718050594,
    "J1933-6211_log10_equad": -6.394832595090441,
    "J1933-6211_log10_ecorr": -6.941614509134468,
    "J1933-6211_log10_RN_Amp": -15.16509858345675,
    "J1933-6211_RN_gamma": 5.729781710759046,
    "gwb_log10_A": -14.619788758288394
}