{
    "J1946-5403_efac": 1.0210356708107955,
    "J1946-5403_log10_equad": -6.586749952206556,
    "J1946-5403_log10_ecorr": -7.76048807566734,
    "J1946-5403_log10_RN_Amp": -15.80485011050905,
    "J1946-5403_RN_gamma": 2.625885117343532,
    "gwb_log10_A": -14.619788758288394
}