{
    "J2124-3358_efac": 0.8995991324666885,
    "J2124-3358_log10_equad": -6.681525455351055,
    "J2124-3358_log10_ecorr": -7.828433963664425,
    "J2124-3358_log10_RN_Amp": -13.55862244017937,
    "J2124-3358_RN_gamma": 4.557950317448247,
    "gwb_log10_A": -14.619788758288394
}