{
    "J2150-0326_efac": 1.0193194617845729,
    "J2150-0326_log10_equad": -7.28252889975686,
    "J2150-0326_log10_ecorr": -6.4768482927247835,
    "J2150-0326_log10_RN_Amp": -13.412651229918282,
    "J2150-0326_RN_gamma": 2.2399319466948895,
    "gwb_log10_A": -14.619788758288394
}