{
    "J2222-0137_efac": 0.9292832596150834,
    "J2222-0137_log10_equad": -7.664917744870459,
    "J2222-0137_log10_ecorr": -7.306644246630109,
    "J2222-0137_log10_RN_Amp": -15.43739792746522,
    "J2222-0137_RN_gamma": 4.683177293740629,
    "gwb_log10_A": -14.619788758288394
}