{
    "J2241-5236_efac": 1.0564664844169052,
    "J2241-5236_log10_equad": -7.170370434691069,
    "J2241-5236_log10_ecorr": -6.334411580839353,
    "J2241-5236_log10_RN_Amp": -15.937504802562817,
    "J2241-5236_RN_gamma": 5.727925178956674,
    "gwb_log10_A": -14.619788758288394
}