{
    "J2322-2650_efac": 1.0884887206116158,
    "J2322-2650_log10_equad": -6.837331470120947,
    "J2322-2650_log10_ecorr": -6.205859812828086,
    "J2322-2650_log10_RN_Amp": -15.817193545203203,
    "J2322-2650_RN_gamma": 2.4471154092599416,
    "gwb_log10_A": -14.619788758288394
}