{
    "J1933-6211_efac": 1.0754752741898475,
    "J1933-6211_log10_equad": -7.7800227309497645,
    "J1933-6211_log10_ecorr": -6.43391014671665,
    "J1933-6211_log10_RN_Amp": -14.503041189506126,
    "J1933-6211_RN_gamma": 5.130096946627475,
    "gwb_log10_A": -14.619788758288394
}